652718507,842730469,1495448976
652719297,842730469,1495449766
652719297,842730469,1495449766
652719297,842730469,1495449766
652719297,842730469,1495449766
652719297,842730475,1495449772
652720046,842730475,1495450521
652720046,842730475,1495450521
652720046,842730475,1495450521
652720046,842730475,1495450521
652720046,842730481,1495450527
652720046,842730481,1495450527
652720046,842730481,1495450527
652720046,842730481,1495450527
652720046,842730481,1495450527
652720310,842730487,1495450797
652720310,842730487,1495450797
652720310,842730487,1495450797
652720310,842730487,1495450797
652720310,842730487,1495450797
652720310,842730493,1495450803
652720310,842730493,1495450803
652720409,842730493,1495450902
652720409,842730493,1495450902
652720409,842730493,1495450902
652720409,842730499,1495450908
652720409,842730499,1495450908
652720409,842730499,1495450908
652720409,842730499,1495450908
652721145,842730499,1495451644
652721145,842730505,1495451650
652721145,842730505,1495451650
652721145,842730505,1495451650
652721145,842730505,1495451650
652721145,842730511,1495451656
652721145,842730511,1495451656
652721145,842730511,1495451656
652721145,842730511,1495451656
652721145,842730511,1495451656
652721145,842730517,1495451662
652721145,842730517,1495451662
652721145,842730517,1495451662
652721145,842730517,1495451662
652721244,842730517,1495451761
652721508,842730523,1495452031
652721508,842730523,1495452031
652721508,842730523,1495452031
652721508,842730523,1495452031
652721508,842730828,1495452336
652721508,842730834,1495452342
652721508,842730834,1495452342
652721508,842730834,1495452342
652721508,842730834,1495452342
652721508,842730834,1495452342
652721508,842730840,1495452348
652721508,842730840,1495452348
652721508,842730840,1495452348
652721508,842730840,1495452348
652721508,842730840,1495452348
652721508,842730846,1495452354
652721508,842730846,1495452354
652722245,842861294,1495583539
653749971,843488079,1497238050
653749971,843489395,1497239366
653750707,843490711,1497241418
653750806,843492027,1497242833
653750806,843493343,1497244149
653750806,843769099,1497519905
653750806,843976121,1497726927
653751544,850495456,1504247000
653751544,850497508,1504249052
653752378,850498824,1504251202
653752378,850500140,1504252518
653752378,850501462,1504253840
653753380,850502778,1504256158
653753380,850504094,1504257474
653753380,851479213,1505232593
653753380,851480529,1505233909
653753380,851481851,1505235231
653753380,851483167,1505236547
653753380,851484483,1505237863
653754118,851485799,1505239917
653754118,851487115,1505241233
653754118,851488437,1505242555
653754856,851489753,1505244609
653755594,851491069,1505246663
653755693,851492385,1505248078
653755693,851493701,1505249394
653755693,851495023,1505250716
653755693,851496339,1505252032
653755693,851498235,1505253928
653755693,851499551,1505255244
653755693,851500867,1505256560
653755693,851502189,1505257882
653755693,851503505,1505259198
653755693,851504821,1505260514
653755693,851506137,1505261830
653755693,851507453,1505263146
653755693,851508775,1505264468
653755693,851510091,1505265784
653755693,851511407,1505267100
653755693,851512723,1505268416
653755693,851514039,1505269732
653756703,851515361,1505272064
653756703,851516677,1505273380
653756703,851517993,1505274696
653756703,851519309,1505276012
653756802,851520625,1505277427
653756802,851521947,1505278749
653756802,851523263,1505280065
653756802,851525315,1505282117
653756802,851526631,1505283433
653756802,851527947,1505284749
653756802,851529269,1505286071
653756802,851530585,1505287387
653756802,851531901,1505288703
653756802,851533217,1505290019
653756802,851534539,1505291341
653756802,851535855,1505292657
653756802,851537171,1505293973
653756802,851538487,1505295289
653756802,851539803,1505296605
653756802,851541125,1505297927
653756802,851542441,1505299243
653756802,851543757,1505300559
653756802,851545073,1505301875
653756802,851546389,1505303191
653756802,851547711,1505304513
653756802,851549027,1505305829
653756901,851550343,1505307244
653756901,851551659,1505308560
653756901,851552975,1505309876
653757901,851554877,1505312778
653757901,851556193,1505314094
653757901,851557509,1505315410
653757901,851558825,1505316726
653757901,851560141,1505318042
653758637,851561463,1505320100
653758637,851562779,1505321416
653758637,851564095,1505322732
653758637,851565411,1505324048
653758733,851566727,1505325460
653758733,851568049,1505326782
653758733,851569365,1505328098
653758733,851570681,1505329414
653758733,851571997,1505330730
653758733,851573568,1505332301
653758733,851574890,1505333623
653758733,851576206,1505334939
653758733,851577522,1505336255
653758832,851578838,1505337670
653758832,851580154,1505338986
653758832,851581476,1505340308
653758832,851582792,1505341624
653758832,851584844,1505343676
653758832,851586160,1505344992
653758832,851587482,1505346314
653758832,851588798,1505347630
653758832,851590114,1505348946
653758832,851591430,1505350262
653758832,851592746,1505351578
653759096,851594068,1505353164
653759096,851595384,1505354480
653759096,851596700,1505355796
653759096,851598016,1505357112
653759096,851599332,1505358428
653759096,851600654,1505359750
653759096,851601970,1505361066
653759096,851603286,1505362382
653759096,851604602,1505363698
653759096,851605918,1505365014
653759096,851607240,1505366336
653759195,851608556,1505367751
653759195,851609872,1505369067
653759195,851611188,1505370383
653759195,851612504,1505371699
653759195,851614406,1505373601
653759195,851615722,1505374917
653759195,851617038,1505376233
653759195,851618354,1505377549
653759195,851619670,1505378865
653759195,851620992,1505380187
653759195,851622308,1505381503
653759195,851623624,1505382819
653759195,851624940,1505384135
653759195,851626256,1505385451
653759195,851627578,1505386773
653759195,851628894,1505388089
653759195,851630210,1505389405
653759195,851631526,1505390721
653759195,851632842,1505392037
653759459,851634164,1505393623
653759459,851635480,1505394939
653760292,851636796,1505397088
653760292,851638112,1505398404
653760292,851639428,1505399720
653761026,851640750,1505401776
653761026,851642802,1505403828
653761026,851644118,1505405144
653761760,851645434,1505407194
653761760,851646756,1505408516
653761760,851648072,1505409832
653761760,851649388,1505411148
653761760,851650704,1505412464
653761760,851652020,1505413780
653761760,851653342,1505415102
653763228,851654658,1505417886
653763228,851655974,1505419202
653763228,851657290,1505420518
653763228,851658606,1505421834
653763228,851659928,1505423156
653763324,851661244,1505424568
653763324,851662560,1505425884
653763324,851663876,1505427200
653763423,851665192,1505428615
653764157,851666514,1505430671
653764157,851667830,1505431987
653764157,851669146,1505433303
653764157,851670462,1505434619
653764157,851671778,1505435935
653764421,851673680,1505438101
653764421,851674996,1505439417
653764421,851676312,1505440733
653764421,851677628,1505442049
653764421,851678944,1505443365
653764421,851680266,1505444687
653764421,851681582,1505446003
653764421,851682898,1505447319
653765155,851684214,1505449369
653765889,851685530,1505451419
653765889,851686852,1505452741
653765889,851688168,1505454057
653765889,851689484,1505455373
653765889,851690800,1505456689
653765889,851692116,1505458005
653765889,851693438,1505459327
653765988,851694754,1505460742
653765988,851696070,1505462058
653766722,851697386,1505464108
653766722,851699444,1505466166
653766722,851700760,1505467482
653766722,851702076,1505468798
653766722,851703392,1505470114
653766722,851704947,1505471669
653766722,851706269,1505472991
653766722,851707585,1505474307
653766722,851708901,1505475623
653766722,851710217,1505476939
653766722,851711533,1505478255
653766986,851712855,1505479841
653766986,851714171,1505481157
653766986,851715487,1505482473
653766986,851716803,1505483789
653766986,851718119,1505485105
653766986,851719441,1505486427
653766986,851720757,1505487743
653766986,851722073,1505489059
653767085,851723389,1505490474
653767085,851724705,1505491790
653767085,851726607,1505493692
653767085,851727923,1505495008
653767085,851729239,1505496324
653767085,851730555,1505497640
653767819,851732319,1505500138
653767819,851733641,1505501460
653767916,851734957,1505502873
653767916,851736273,1505504189
653767916,851737589,1505505505
653767916,851738905,1505506821
653767916,851740227,1505508143
653767916,851741543,1505509459
653767916,851742859,1505510775
653767916,851744175,1505512091
653767916,851745491,1505513407
653767916,851746813,1505514729
653767916,851748129,1505516045
653767916,851749445,1505517361
653767916,851750761,1505518677
653767916,851752083,1505519999
653768279,851753399,1505521678
653768279,851754715,1505522994
653768279,851756767,1505525046
653768375,851758083,1505526458
653768375,851759405,1505527780
653768375,851760721,1505529096
653768375,851762037,1505530412
653768375,851763353,1505531728
653768375,851764669,1505533044
653768375,851765991,1505534366
653768375,851767307,1505535682
653768375,851768623,1505536998
653768375,851769939,1505538314
653768375,851771255,1505539630
653768375,851772577,1505540952
653768375,851773893,1505542268
653768375,851775209,1505543584
653769109,851776525,1505545634
653769109,851777841,1505546950
653769109,851779163,1505548272
653769109,851780479,1505549588
653769208,851781795,1505551003
653769208,851783111,1505552319
653769208,851785007,1505554215
653769208,851786329,1505555537
653769208,851787645,1505556853
653769208,851788961,1505558169
653769208,851790277,1505559485
653769208,851791593,1505560801
653770214,851792915,1505563129
653770214,851794231,1505564445
653770948,851795547,1505566495
653770948,851796863,1505567811
653770948,851798179,1505569127
653770948,851799501,1505570449
653770948,851800817,1505571765
653770948,851802133,1505573081
653770948,851803449,1505574397
653770948,851804771,1505575719
653770948,851806087,1505577035
653771682,851807403,1505579085
653771682,851808719,1505580401
653771682,851810771,1505582453
653771781,851812093,1505583874
653771781,851813409,1505585190
653771781,851814725,1505586506
653771781,851816041,1505587822
653771781,851817357,1505589138
653771781,851818679,1505590460
653771781,851819995,1505591776
653771781,851821311,1505593092
653771781,851822627,1505594408
653771781,851823943,1505595724
653771781,851825265,1505597046
653771781,851826581,1505598362
653771781,851827897,1505599678
653771781,851829213,1505600994
653771781,851830529,1505602310
653772045,851831851,1505603896
653772045,851833167,1505605212
653772045,851834483,1505606528
653772045,851835799,1505607844
653772045,851837354,1505609399
653772045,851839256,1505611301
653772144,851840572,1505612716
653772144,851841888,1505614032
653772144,851843204,1505615348
653772144,851844520,1505616664
653772144,851845842,1505617986
653772144,851847158,1505619302
653772144,851848474,1505620618
653772144,851849790,1505621934
653772144,851851106,1505623250
653772240,851852428,1505624668
653772240,851853744,1505625984
653772240,851855060,1505627300
653772240,851856376,1505628616
653772240,851857698,1505629938
653772240,851859014,1505631254
653772240,851860330,1505632570
653772240,851861646,1505633886
653772240,851862962,1505635202
653772240,851864284,1505636524
653772240,851865600,1505637840
653772240,851867652,1505639892
653772339,851868968,1505641307
653772339,851870284,1505642623
653772603,851871606,1505644209
653772603,851872922,1505645525
653772603,851874238,1505646841
653772603,851875554,1505648157
653773337,851876870,1505650207
653773337,851878192,1505651529
653773337,851879508,1505652845
653773337,851880824,1505654161
653773337,851882140,1505655477
653773337,851883456,1505656793
653773337,851884778,1505658115
653773337,851886094,1505659431
653773337,851887410,1505660747
653773337,851888726,1505662063
653774071,851890042,1505664113
653774071,851891364,1505665435
653774071,851892680,1505666751
653775539,851893996,1505669535
653776273,851895892,1505672165
653776273,851897208,1505673481
653776372,851898530,1505674902
653776372,851899846,1505676218
653776372,851901162,1505677534
653776372,851902478,1505678850
653776372,851903794,1505680166
653777106,851905116,1505682222
653777106,851906432,1505683538
653777106,851907748,1505684854
653777106,851909064,1505686170
653777106,851910380,1505687486
653778112,851911702,1505689814
653778112,851913018,1505691130
653778112,851914334,1505692446
653778112,851915650,1505693762
653778112,851916972,1505695084
653778112,851918288,1505696400
653778112,851919604,1505697716
653778112,851920920,1505699032
653778112,851922236,1505700348
653778112,851924294,1505702406
653778112,851925610,1505703722
653778211,851926926,1505705137
653778211,851928242,1505706453
653778211,851929558,1505707769
653778211,851930880,1505709091
653778211,851932196,1505710407
653778211,851933512,1505711723
653778211,851934828,1505713039
653778211,851936144,1505714355
653778211,851937466,1505715677
653778211,851938782,1505716993
653778211,851940098,1505718309
653778211,851941414,1505719625
653778211,851942730,1505720941
653778211,851944052,1505722263
653778211,851945368,1505723579
653778307,851946684,1505724991
653778307,851948000,1505726307
653778307,851949316,1505727623
653779315,851950638,1505729953
653779315,851951954,1505731269
653779315,851953270,1505732585
653779315,851955166,1505734481
653779414,851956482,1505735896
653779414,851957804,1505737218
653779414,851959120,1505738534
653779414,851960436,1505739850
653779414,851961752,1505741166
653779414,851963068,1505742482
653779414,851964390,1505743804
653779414,851965706,1505745120
653779414,851967022,1505746436
653779414,851968338,1505747752
653779414,851969899,1505749313
653779414,851971215,1505750629
653779414,851972531,1505751945
653779414,851973847,1505753261
653779414,851975163,1505754577
653779414,851976485,1505755899
653779414,851977801,1505757215
653780148,851979117,1505759265
653782350,851980433,1505762783
653782350,851981749,1505764099
653782350,851983071,1505765421
653782449,851985123,1505767572
653782449,851986439,1505768888
653782449,851987755,1505770204
653782449,851989071,1505771520
653783447,851990393,1505773840
653783447,851991709,1505775156
653783447,851993025,1505776472
653783447,851994341,1505777788
653783447,851995657,1505779104
653783447,851996979,1505780426
653783447,851998295,1505781742
653784181,851999611,1505783792
653784181,852000927,1505785108
653784181,852002243,1505786424
653784181,852003565,1505787746
653784181,852004881,1505789062
653784181,852006197,1505790378
653784181,852007513,1505791694
653784181,852008829,1505793010
653784181,852010151,1505794332
653784181,852011467,1505795648
653784181,852013363,1505797544
653784280,852014679,1505798959
653785014,852015995,1505801009
653785014,852017317,1505802331
653785014,852018633,1505803647
653785014,852019949,1505804963
653785014,852021265,1505806279
653785014,852022581,1505807595
653785014,852023903,1505808917
653785014,852025219,1505810233
653785014,852026535,1505811549
653785014,852027851,1505812865
653785278,852029173,1505814451
653785278,852030489,1505815767
653785278,852031805,1505817083
653785278,852033121,1505818399
653785278,852034437,1505819715
653785278,852035759,1505821037
653785278,852037075,1505822353
653785278,852038391,1505823669
653785278,852039707,1505824985
653785278,852041759,1505827037
653785473,852043081,1505828554
653785473,852044397,1505829870
653786207,852045713,1505831920
653786207,852047029,1505833236
653786207,852048345,1505834552
653786207,852049667,1505835874
653786207,852050983,1505837190
653786207,852052299,1505838506
653786207,852053615,1505839822
653786207,852054931,1505841138
653786207,852056253,1505842460
653786207,852057569,1505843776
653786941,852058885,1505845826
653787675,852060201,1505847876
653787675,852061517,1505849192
653788409,852062839,1505851248
653788409,852064155,1505852564
653788409,852065471,1505853880
653788409,852066787,1505855196
653788409,852068103,1505856512
653788673,852070005,1505858678
653788772,852071321,1505860093
653788772,852072637,1505861409
653788772,852073953,1505862725
653788772,852075269,1505864041
653788772,852076591,1505865363
653788772,852077907,1505866679
653788772,852079223,1505867995
653788772,852080539,1505869311
653788772,852081861,1505870633
653788772,852083177,1505871949
653789506,852084493,1505873999
653789506,852085809,1505875315
653789506,852087125,1505876631
653789506,852088447,1505877953
653789506,852089763,1505879269
653790240,852091079,1505881319
653791071,852092395,1505883466
653791071,852093711,1505884782
653791071,852095033,1505886104
653791071,852096349,1505887420
653791071,852098401,1505889472
653791071,852099717,1505890788
653791170,852101272,1505892442
653791170,852102594,1505893764
653791904,852103910,1505895814
653791904,852105226,1505897130
653791904,852106542,1505898446
653791904,852107858,1505899762
653792168,852109180,1505901348
653792168,852110496,1505902664
653792168,852111812,1505903980
653792168,852113128,1505905296
653792168,852114444,1505906612
653792168,852115766,1505907934
653792168,852117082,1505909250
653792168,852118398,1505910566
653792168,852119714,1505911882
653792168,852121030,1505913198
653792168,852122352,1505914520
653792168,852123668,1505915836
653792168,852124984,1505917152
653792168,852126880,1505919048
653792168,852128196,1505920364
653792267,852129518,1505921785
653792267,852130834,1505923101
653792267,852132150,1505924417
653792267,852133466,1505925733
653792267,852134788,1505927055
653792267,852136104,1505928371
653792363,852137420,1505929783
653792363,852138736,1505931099
653792363,852140052,1505932415
653792363,852141374,1505933737
653792363,852142690,1505935053
653792363,852144006,1505936369
653792363,852145322,1505937685
653793097,852146638,1505939735
653794095,852147960,1505942055
653794095,852149276,1505943371
653794095,852150592,1505944687
653794095,852151908,1505946003
653794095,852153960,1505948055
653794095,852155282,1505949377
653794095,852156598,1505950693
653794095,852157914,1505952009
653794194,852159230,1505953424
653794194,852160546,1505954740
653794194,852161868,1505956062
653794194,852163184,1505957378
653794194,852164500,1505958694
653794194,852165816,1505960010
653794194,852167132,1505961326
653794194,852168454,1505962648
653794194,852169770,1505963964
653794194,852171086,1505965280
653794194,852172402,1505966596
653794194,852173718,1505967912
653794194,852175040,1505969234
653794194,852176356,1505970550
653794194,852177672,1505971866
653794194,852178988,1505973182
653794194,852180304,1505974498
653794194,852181626,1505975820
653794194,852182942,1505977136
653794194,852184838,1505979032
653794194,852186154,1505980348
653794557,852187470,1505982027
653794557,852188792,1505983349
653794557,852190108,1505984665
653794557,852191424,1505985981
653794557,852192740,1505987297
653794557,852194062,1505988619
653794557,852195378,1505989935
653794557,852196694,1505991251
653794557,852198010,1505992567
653794557,852199326,1505993883
653794557,852200648,1505995205
653794557,852201964,1505996521
653794557,852203280,1505997837
653794557,852204596,1505999153
653795893,852205912,1506001805
653795893,852207234,1506003127
653795893,852208550,1506004443
653795893,852209866,1506005759
653795893,852211182,1506007075
653795893,852212498,1506008391
653795893,852214556,1506010449
653795893,852215872,1506011765
653795992,852217188,1506013180
653795992,852218504,1506014496
653795992,852219820,1506015812
653795992,852221142,1506017134
653795992,852222458,1506018450
653795992,852223774,1506019766
653795992,852225090,1506021082
653795992,852226406,1506022398
653796990,852227728,1506024718
653796990,852229044,1506026034
653796990,852230360,1506027350
653796990,852231676,1506028666
653797086,852233231,1506030317
653797820,852234553,1506032373
653797820,852235869,1506033689
653797820,852237185,1506035005
653797820,852238501,1506036321
653797820,852239817,1506037637
653797820,852241719,1506039539
653797820,852243035,1506040855
653797820,852244351,1506042171
653797919,852245667,1506043586
653797919,852246989,1506044908
653797919,852248305,1506046224
653797919,852249621,1506047540
653797919,852250937,1506048856
653797919,852252253,1506050172
653798653,852253575,1506052228
653798653,852254891,1506053544
653798653,852256207,1506054860
653798653,852257523,1506056176
653798653,852258839,1506057492
653798653,852260161,1506058814
653798653,852261477,1506060130
653798653,852262793,1506061446
653798653,852264109,1506062762
653798653,852265425,1506064078
653799651,852266747,1506066398
653799651,852268063,1506067714
653799651,852269379,1506069030
653799651,852270695,1506070346
653799651,852272011,1506071662
653799651,852274069,1506073720
653799750,852275385,1506075135
653799750,852276701,1506076451
653799750,852278017,1506077767
653799750,852279333,1506079083
653799750,852280655,1506080405
653799750,852281971,1506081721
653799750,852283287,1506083037
653799750,852284603,1506084353
653799750,852285919,1506085669
653799750,852287241,1506086991
653799750,852288557,1506088307
653799750,852289873,1506089623
653799750,852291189,1506090939
653799750,852292505,1506092255
653799750,852293827,1506093577
653799750,852295143,1506094893
653799750,852296459,1506096209
653799750,852297775,1506097525
653799750,852307727,1506107477
653801218,852316577,1506117795
653801218,852317901,1506119119
653802053,852319992,1506122045
653874411,852545275,1506419686
653875411,852606705,1506482116
653875411,852606705,1506482116
653875411,852606705,1506482116
653875411,852606705,1506482116
653875411,852606705,1506482116
653875411,852606711,1506482122
653875411,852606711,1506482122
653875411,852606711,1506482122
653875411,853333999,1507209410
653875411,853333999,1507209410
653875411,853334005,1507209416
653875411,853334005,1507209416
653875411,853334005,1507209416
653875411,853334005,1507209416
653875411,853334005,1507209416
653875411,853334011,1507209422
653875507,853334011,1507209518
653875507,853334011,1507209518
653875507,853334011,1507209518
653875606,853334011,1507209617
653875606,853334017,1507209623
653875606,853334017,1507209623
653875606,853334017,1507209623
653875606,853334017,1507209623
653875606,853334017,1507209623
653875606,853334023,1507209629
653875606,853334023,1507209629
653875606,853334023,1507209629
653875606,853334023,1507209629
653875870,853334029,1507209899
653875870,853334029,1507209899
653875870,853334029,1507209899
653875870,853334029,1507209899
653875870,853334029,1507209899
654339855,853659833,1507999688
655270860,853770826,1509041686
655270860,853770826,1509041686
655270860,854045266,1509316126
655270860,854045266,1509316126
655270860,854045266,1509316126
655270860,854045266,1509316126
655270959,854856164,1510127123
655270959,854856164,1510127123
655270959,854856469,1510127428
655277866,860960943,1516238809
655277866,860960943,1516238809
655277866,860960943,1516238809
655277866,860960943,1516238809
655277866,860960943,1516238809
655277866,860960949,1516238815
655277866,860960949,1516238815
655277866,861414328,1516692194
655277866,861414328,1516692194
655277866,861414328,1516692194
655277866,861414334,1516692200
655277866,861414334,1516692200
655277866,861414334,1516692200
655277866,861414334,1516692200
655277866,861414334,1516692200
655278868,861414340,1516693208
655278868,861414340,1516693208
655278868,861414340,1516693208
655278967,861414340,1516693307
655278967,861414340,1516693307
655278967,861414346,1516693313
655278967,861414346,1516693313
655278967,861414346,1516693313
655278967,861414346,1516693313
655278967,861414346,1516693313
655278967,861414352,1516693319
655278967,861414352,1516693319
655278967,861414352,1516693319
655278967,861414352,1516693319
655278967,861414358,1516693325
655278967,861414358,1516693325
655278967,861414358,1516693325
655278967,861414358,1516693325
655278967,861414358,1516693325
655278967,861414364,1516693331
655278967,861414364,1516693331
655278967,861414364,1516693331
655278967,861414364,1516693331
655278967,861414364,1516693331
655278967,861414370,1516693337
655279066,861414370,1516693436
655279066,861414370,1516693436
655279162,861414370,1516693532
655279162,861414370,1516693532
655280160,861414376,1516694536
655280160,861414376,1516694536
655280160,861414376,1516694536
655280160,861414376,1516694536
655280160,861414376,1516694536
655280160,861414382,1516694542
655280160,861414382,1516694542
655280160,861414382,1516694542
655280160,861414382,1516694542
655280160,861414382,1516694542
655280160,861414388,1516694548
655280160,861414388,1516694548
655280160,861414388,1516694548
655280160,861414388,1516694548
655280160,861414388,1516694548
655280160,861414394,1516694554
655280160,861414394,1516694554
655280259,861414394,1516694653
655280259,861414394,1516694653
655280356,861414394,1516694750
655288000,861545220,1516833220
656665189,861752982,1518418171
656667398,862158014,1518825412
656667398,862158014,1518825412
656667398,862158014,1518825412
656667398,862158014,1518825412
656667398,862158014,1518825412
656667398,862969928,1519637326
656667398,862969928,1519637326
656674569,864017206,1520691775
656674569,869022121,1525696690
656674569,869022121,1525696690
656674569,869022121,1525696690
656674569,869022121,1525696690
656674569,869022127,1525696696
656674569,869022127,1525696696
656674569,869475506,1526150075
656674569,869475506,1526150075
656674569,869475506,1526150075
656674668,869475512,1526150180
656674668,869475512,1526150180
656674668,869475512,1526150180
656674668,869475512,1526150180
656674668,869475512,1526150180
656674668,869475518,1526150186
656674668,869475518,1526150186
656674668,869475518,1526150186
656674668,869475518,1526150186
656674668,869475518,1526150186
656674668,869475524,1526150192
656674668,869475524,1526150192
656674668,869475524,1526150192
656674668,869475524,1526150192
656674668,869475829,1526150497
656674668,869475835,1526150503
656674668,869475835,1526150503
656674668,869475835,1526150503
656674668,869475835,1526150503
656674932,869475835,1526150767
656674932,869475841,1526150773
656675031,869475841,1526150872
656675031,869475841,1526150872
656675031,869475841,1526150872
656675031,869475841,1526150872
656675031,869475847,1526150878
656675031,869475847,1526150878
656675031,869475847,1526150878
656675031,869475847,1526150878
656675127,869475853,1526150980
656675127,869475853,1526150980
656675127,869475853,1526150980
656675127,869475853,1526150980
656675127,869475853,1526150980
656675127,869475859,1526150986
656675127,869475859,1526150986
656675127,869475859,1526150986
656675127,869475859,1526150986
656675127,869475859,1526150986
656675127,869475865,1526150992
656675127,869475865,1526150992
656675127,869475865,1526150992
656675226,869475865,1526151091
656675226,869475865,1526151091
656675226,869475871,1526151097
656675226,869475871,1526151097
656675226,869475871,1526151097
656675226,869475871,1526151097
656675226,869475871,1526151097
656675490,869475877,1526151367
656675490,869475877,1526151367
656675490,869475877,1526151367
656675490,869475877,1526151367
657149491,869801442,1526950933
658073767,870045435,1528119202
658073767,870072662,1528146429
658073767,870428246,1528502013
658074503,870456718,1528531221
658075239,870484114,1528559353
658075977,875634127,1533710104
658081881,875960391,1534042272
658084095,875984935,1534069030
658084095,875985799,1534069894
658085572,876113046,1534198618
658087886,876240122,1534328008
658456018,876379476,1534835494
659354682,876657567,1536012249
659354682,876658403,1536013085
659354682,876659239,1536013921
659354682,876660075,1536014757
659356594,877689900,1537046494
659356594,877690736,1537047330
659364977,877913747,1537278724
659366461,878124770,1537491231
659366461,883174230,1542540691
659366725,883175066,1542541791
659367844,883244071,1542611915
659368622,883338379,1542707001
659368622,883792254,1543160876
659369360,883793096,1543162456
659369360,883793932,1543163292
659369360,883794768,1543164128
659369360,883795604,1543164964
659369360,883796440,1543165800
659370098,883863722,1543233820
659377299,884018158,1543395457
659381809,884182304,1543564113
659384103,884451336,1543835439
659384103,884452178,1543836281
659384841,884453014,1543837855
659384841,884453850,1543838691
659384841,884455026,1543839867
659384842,884455983,1543840825
659384842,884456825,1543841667
659384842,884457661,1543842503
659384842,884458497,1543843339
659384842,884459333,1543844175
659384842,884460169,1543845011
659384842,884461011,1543845853
659384938,884461847,1543846785
659384938,884462683,1543847621
659384938,884463519,1543848457
659384938,884464355,1543849293
659384938,884465197,1543850135
659384938,884466033,1543850971
659386128,884466869,1543852997
659386128,884467705,1543853833
659386227,884468541,1543854768
659386227,884469383,1543855610
659386227,884470715,1543856942
659386227,884471551,1543857778
659386965,884472387,1543859352
659386965,884473251,1543860216
659386965,884474161,1543861126
659386981,884475029,1543862010
659386981,884475865,1543862846
659386981,884476701,1543863682
659386981,884477537,1543864518
659386981,884478379,1543865360
659386981,884479215,1543866196
659386981,884480051,1543867032
659386981,884480887,1543867868
659386981,884481729,1543868710
659386981,884490869,1543877850
659387717,884492377,1543880094
659388453,884493645,1543882098
659388453,884494545,1543882998
659389189,884495899,1543885088
659390024,884496743,1543886767
659390024,884497579,1543887603
659401655,884624465,1544026120
659603239,884751839,1544355078
659603239,884760609,1544363848
659603239,884760609,1544363848
659603695,884760609,1544364304
659603695,884760609,1544364304
659603695,885488097,1545091792
659603695,885488103,1545091798
659603695,885488103,1545091798
659603695,885488103,1545091798
659603695,885488103,1545091798
659603695,885488103,1545091798
659603695,885488109,1545091804
659603695,885488109,1545091804
659603695,885488109,1545091804
659603695,885488109,1545091804
659603695,885488109,1545091804
659603695,885488115,1545091810
659603695,885488115,1545091810
659603794,885488115,1545091909
659603794,885488115,1545091909
659603794,885488121,1545091915
659603794,885488121,1545091915
659603794,885488121,1545091915
659603794,885488121,1545091915
659603794,885488121,1545091915
659603794,885488127,1545091921
659603794,885488127,1545091921
659603794,885488127,1545091921
659603794,885488127,1545091921
659603794,885488127,1545091921
659603794,885488133,1545091927
659603794,885488133,1545091927
659604058,885488133,1545092191
659604250,885488133,1545092383
659604250,885488133,1545092383
659604250,885488139,1545092389
659604250,885488139,1545092389
659604346,885491356,1545095702
659604346,885491356,1545095702
659604346,885491356,1545095702
659604445,885491362,1545095807
659604445,885491362,1545095807
659604445,885491362,1545095807
659604445,885491362,1545095807
659604445,885491362,1545095807
659604445,885491368,1545095813
659604445,885491368,1545095813
659604445,885491368,1545095813
659604445,885491368,1545095813
659604445,885491374,1545095819
659604445,885491374,1545095819
659604445,885491374,1545095819
659604445,885491374,1545095819
659604445,885491374,1545095819
659604445,885491380,1545095825
659604445,885491380,1545095825
659604445,885491380,1545095825
659604445,885491380,1545095825
659604445,885491380,1545095825
659604445,885491386,1545095831
659604445,885491386,1545095831
659604544,885491386,1545095930
659605738,885491386,1545097124
659605738,885491386,1545097124
659605738,885491392,1545097130
659605738,885491392,1545097130
659605738,885491392,1545097130
659605738,885491392,1545097130
659605738,885491392,1545097130
659605738,885491398,1545097136
659605738,885491398,1545097136
659605738,885491398,1545097136
659605738,885491398,1545097136
659605738,885491398,1545097136
659605738,885491404,1545097142
659605738,885491404,1545097142
659605738,885491404,1545097142
659605738,885491404,1545097142
659605738,885491410,1545097148
659605738,885491410,1545097148
659605738,885491410,1545097148
659605738,885491410,1545097148
659605837,885491410,1545097247
659605837,885491416,1545097253
659605837,885491416,1545097253
659605837,885491416,1545097253
659605837,885491416,1545097253
659605837,885491416,1545097253
659605837,885491422,1545097259
659605837,885491422,1545097259
659605837,885491422,1545097259
659606293,885491422,1545097715
659606293,885491422,1545097715
659606293,885491428,1545097721
659606293,885491428,1545097721
659606293,885491428,1545097721
659606293,885491428,1545097721
659606293,885491428,1545097721
659606293,885491434,1545097727
659606293,885491434,1545097727
659606293,885491434,1545097727
659606293,885491434,1545097727
659606293,885491434,1545097727
659606392,885491440,1545097832
659606392,885491468,1545097860
659606392,885491468,1545097860
659606392,885491468,1545097860
659606488,885491474,1545097962
659606488,885491474,1545097962
659606488,885491474,1545097962
659606488,885491474,1545097962
659606488,885491474,1545097962
659606488,885491480,1545097968
659606488,885491480,1545097968
659606585,885491480,1545098065
659606585,885491480,1545098065
659606585,885491480,1545098065
659606585,885491486,1545098071
659606585,885491486,1545098071
659606585,885491486,1545098071
659606585,885491486,1545098071
659607781,885491486,1545099267
659607781,885491492,1545099273
659607781,885491492,1545099273
659607880,885491492,1545099372
659607880,885491492,1545099372
659607880,885491492,1545099372
659607880,885491498,1545099378
659607880,885491498,1545099378
659607880,885491498,1545099378
659607880,885491498,1545099378
659607880,885491498,1545099378
659607880,885491504,1545099384
659607880,885491504,1545099384
659607880,885491743,1545099623
659607880,885491743,1545099623
659607880,885491749,1545099629
659607880,885491749,1545099629
659607880,885491749,1545099629
659607880,885491749,1545099629
659607880,885491749,1545099629
659607880,885491755,1545099635
659607880,885491755,1545099635
659607880,885491755,1545099635
659607881,885491788,1545099669
659607980,885491788,1545099768
659607980,885491794,1545099774
659607980,885491794,1545099774
659607980,885491794,1545099774
659607980,885491794,1545099774
659608436,885491794,1545100230
659608436,885491800,1545100236
659608436,885491800,1545100236
659608436,885491800,1545100236
659608436,885491800,1545100236
659608436,885491800,1545100236
659608436,885491806,1545100242
659608436,885491806,1545100242
659608436,885491806,1545100242
659608436,885491806,1545100242
659608436,885491812,1545100248
659608436,885491812,1545100248
659608436,885491812,1545100248
659608436,885491812,1545100248
659608436,885491812,1545100248
659608436,885491818,1545100254
659608436,885491818,1545100254
659608535,885491818,1545100353
659608535,885491818,1545100353
659608535,885491818,1545100353
659608535,885491824,1545100359
659608535,885491824,1545100359
659608535,885491824,1545100359
659608535,885491824,1545100359
659608535,885491824,1545100359
659608535,885491830,1545100365
659608535,885491858,1545100393
659608631,885491858,1545100489
659608631,885491858,1545100489
659609087,885491858,1545100945
659609087,885491864,1545100951
659609087,885491864,1545100951
659609087,885491864,1545100951
659609087,885491864,1545100951
659609087,885491864,1545100951
659609087,885491870,1545100957
659609087,885491870,1545100957
659609087,885491870,1545100957
659609186,885491870,1545101056
659609186,885491876,1545101062
659609186,885491876,1545101062
659609186,885491876,1545101062
659609186,885491876,1545101062
659609186,885491876,1545101062
659609186,885491882,1545101068
659609186,885491882,1545101068
659609186,885491882,1545101068
659609186,885491882,1545101068
659609186,885491882,1545101068
659609186,885491888,1545101074
659609186,885491888,1545101074
659609186,885491888,1545101074
659609186,885491888,1545101074
659609186,885491888,1545101074
659609186,885491894,1545101080
659609186,885491894,1545101080
659609186,885491894,1545101080
659609186,885491894,1545101080
659609186,885491894,1545101080
659609741,885491900,1545101641
659609741,885491900,1545101641
659609741,885491900,1545101641
659609741,885491900,1545101641
659609741,885491906,1545101647
659609741,885491906,1545101647
659609741,885491906,1545101647
659609741,885491906,1545101647
659609741,885491906,1545101647
659609741,885491912,1545101653
659609741,885491912,1545101653
659609741,885491912,1545101653
659609741,885491912,1545101653
659609741,885491912,1545101653
659609741,885491918,1545101659
659609741,885491918,1545101659
659609741,885491918,1545101659
659609741,885491918,1545101659
659609741,885491918,1545101659
659609741,885491924,1545101665
659609741,885491924,1545101665
659609840,885492163,1545102003
659609840,885492163,1545102003
659609840,885492163,1545102003
659609840,885492169,1545102009
659609840,885492169,1545102009
659609840,885492169,1545102009
659609840,885492169,1545102009
659609840,885492169,1545102009
659610232,885492175,1545102407
659610232,885492175,1545102407
659610232,885492175,1545102407
659610232,885492175,1545102407
659610232,885492181,1545102413
659610232,885492181,1545102413
659610232,885492181,1545102413
659610232,885492181,1545102413
659610232,885492181,1545102413
659610328,885492187,1545102515
659610328,885492187,1545102515
659610328,885492187,1545102515
659610328,885492187,1545102515
659610427,885492187,1545102614
659610427,885492193,1545102620
659610427,885492193,1545102620
659610427,885492193,1545102620
659610427,885492193,1545102620
659610427,885492193,1545102620
659610427,885492199,1545102626
659610427,885492199,1545102626
659610427,885492199,1545102626
659610427,885492199,1545102626
659610427,885492199,1545102626
659610427,885492205,1545102632
659610427,885492205,1545102632
659610427,885492205,1545102632
659610427,885492205,1545102632
659610427,885492205,1545102632
659610819,885492211,1545103030
659611621,885492803,1545104424
659611621,885492803,1545104424
659611621,885492803,1545104424
659611621,885492803,1545104424
659611621,885492809,1545104430
659611720,885492809,1545104529
659611720,885492809,1545104529
659611720,885492809,1545104529
659611720,885492815,1545104535
659611720,885492815,1545104535
659611720,885492815,1545104535
659611720,885492815,1545104535
659611720,885492815,1545104535
659611720,885492821,1545104541
659611720,885492821,1545104541
659611720,885492821,1545104541
659611720,885492821,1545104541
659611720,885492821,1545104541
659611720,885492827,1545104547
659611720,885492827,1545104547
659611720,885492827,1545104547
659611720,885492827,1545104547
659611720,885492827,1545104547
659611720,885492833,1545104553
659611720,885492833,1545104553
659611720,885492833,1545104553
659611819,885492833,1545104652
659612559,885495589,1545108148
659614037,885500691,1545114728
659614493,885500691,1545115184
659614493,885500691,1545115184
659615231,885500691,1545115922
659615231,885500691,1545115922
659615231,885500697,1545115928
659615231,885500697,1545115928
659615231,885500697,1545115928
659615231,885500697,1545115928
659615231,885500703,1545115934
659615231,885500703,1545115934
659615231,885500703,1545115934
659615231,885500703,1545115934
659615231,885500703,1545115934
659615231,885500709,1545115940
659615231,885500709,1545115940
659615231,885500709,1545115940
659615231,885500709,1545115940
659615231,885500709,1545115940
659615330,885500715,1545116045
659615330,885500715,1545116045
659615426,885500715,1545116141
659615426,885500715,1545116141
659615426,885500715,1545116141
659615426,885500721,1545116147
659615426,885500721,1545116147
659615426,885500721,1545116147
659616164,885502629,1545118793
659616164,885502629,1545118793
659616164,885502635,1545118799
659616428,885502635,1545119063
659616620,885502874,1545119494
659616620,885502874,1545119494
659616620,885502874,1545119494
659616620,885502880,1545119500
659616620,885502880,1545119500
659616620,885502880,1545119500
659616620,885502880,1545119500
659616620,885502880,1545119500
659616620,885502886,1545119506
659616719,885502886,1545119605
659616719,885502886,1545119605
659616719,885502886,1545119605
659616719,885502892,1545119611
659616719,885502892,1545119611
659616719,885502892,1545119611
659616719,885502892,1545119611
659616719,885502892,1545119611
659616719,885502898,1545119617
659616719,885502898,1545119617
659616719,885502898,1545119617
659616719,885502898,1545119617
659616719,885502898,1545119617
659616719,885502904,1545119623
659616719,885502904,1545119623
659616719,885502904,1545119623
659616719,885502904,1545119623
659616719,885502904,1545119623
659616719,885502910,1545119629
659616719,885502910,1545119629
659617913,885502910,1545120823
659617913,885502910,1545120823
659618012,885502910,1545120922
659618012,885502916,1545120928
659618012,885502916,1545120928
659618012,885502916,1545120928
659618012,885502916,1545120928
659618012,885502916,1545120928
659618012,885502922,1545120934
659618012,885502922,1545120934
659618012,885502922,1545120934
659618012,885502922,1545120934
659618012,885502928,1545120940
659618012,885502928,1545120940
659618012,885502928,1545120940
659618012,885502928,1545120940
659618012,885502928,1545120940
659618012,885502934,1545120946
659618012,885502934,1545120946
659618012,885502934,1545120946
659618012,885502934,1545120946
659618012,885502934,1545120946
659618012,885502940,1545120952
659618208,885502940,1545121148
659618208,885502940,1545121148
659618208,885502940,1545121148
659618208,885502940,1545121148
659618208,885502946,1545121154
659618208,885502946,1545121154
659620076,885502946,1545123022
659620140,885502946,1545123086
659620236,885502946,1545123182
659620236,885502952,1545123188
659620236,885502952,1545123188
659620236,885502952,1545123188
659620236,885502952,1545123188
659620236,885502952,1545123188
659620236,885502958,1545123194
659620236,885502958,1545123194
659620236,885502958,1545123194
659620236,885502958,1545123194
659620236,885502964,1545123200
659620236,885502964,1545123200
659620236,885502964,1545123200
659620335,885502964,1545123299
659620335,885502964,1545123299
659620335,885502970,1545123305
659620335,885502970,1545123305
659620335,885502970,1545123305
659620335,885502970,1545123305
659620335,885502970,1545123305
659620335,885502976,1545123311
659620335,885502976,1545123311
659620335,885502976,1545123311
659620335,885502976,1545123311
659620335,885502976,1545123311
659620335,885502982,1545123317
659620335,885502982,1545123317
659620335,885502982,1545123317
659623005,885502982,1545125987
659623005,885502982,1545125987
659623005,885502988,1545125993
659623005,885502988,1545125993
659623005,885502988,1545125993
659623005,885502988,1545125993
659623104,885502988,1545126092
659623104,885502994,1545126098
659623104,885502994,1545126098
659623104,885503233,1545126337
659623104,885503233,1545126337
659623104,885503239,1545126343
659623104,885503239,1545126343
659623104,885503239,1545126343
659623104,885503239,1545126343
659623104,885503239,1545126343
659623104,885503245,1545126349
659623104,885503245,1545126349
659623104,885503245,1545126349
659623104,885503245,1545126349
659623104,885503245,1545126349
659623104,885503251,1545126355
659623104,885503251,1545126355
659623104,885503251,1545126355
659623104,885503251,1545126355
659623104,885503251,1545126355
659623104,885503257,1545126361
659623104,885503257,1545126361
659623203,885503257,1545126460
659624397,885503257,1545127654
659624397,885503257,1545127654
659624397,885503263,1545127660
659624397,885503263,1545127660
659624397,885503263,1545127660
659624397,885503263,1545127660
659624397,885503263,1545127660
659624397,885503269,1545127666
659624397,885503269,1545127666
659624397,885503269,1545127666
659624397,885503269,1545127666
659624397,885503275,1545127672
659624493,885503275,1545127768
659624493,885503275,1545127768
659624493,885503275,1545127768
659624493,885503275,1545127768
659624493,885503281,1545127774
659624493,885503281,1545127774
659624493,885503281,1545127774
659624493,885503281,1545127774
659624592,885503281,1545127873
659624592,885503287,1545127879
659624592,885503287,1545127879
659624592,885503287,1545127879
659624592,885503287,1545127879
659624592,885503287,1545127879
659624592,885503293,1545127885
659624592,885503293,1545127885
659624592,885503293,1545127885
659624592,885503293,1545127885
659625048,885503293,1545128341
659625048,885503299,1545128347
659625048,885503299,1545128347
659625048,885503299,1545128347
659625048,885503299,1545128347
659625048,885503299,1545128347
659625048,885503753,1545128801
659625048,885503753,1545128801
659625048,885503753,1545128801
659625048,885503753,1545128801
659625048,885503759,1545128807
659625147,885503759,1545128906
659625147,885503759,1545128906
659625147,885503759,1545128906
659625147,885503759,1545128906
659625147,885503765,1545128912
659625147,885503765,1545128912
659625147,885503765,1545128912
659625147,885503765,1545128912
659625147,885503765,1545128912
659625147,885503771,1545128918
659625147,885503771,1545128918
659625147,885503771,1545128918
659625147,885503771,1545128918
659625147,885503771,1545128918
659625147,885503777,1545128924
659625147,885503777,1545128924
659625147,885503777,1545128924
659625147,885503777,1545128924
659627075,885503777,1545130852
659627075,885503783,1545130858
659627075,885503783,1545130858
659627174,885503783,1545130957
659627174,885503783,1545130957
659627174,885503783,1545130957
659627174,885503789,1545130963
659627174,885503789,1545130963
659627174,885503789,1545130963
659627174,885503789,1545130963
659627174,885503789,1545130963
659627174,885503795,1545130969
659627174,885503795,1545130969
659627174,885503795,1545130969
659627174,885503795,1545130969
659627174,885503801,1545130975
659627174,885503801,1545130975
659627174,885503801,1545130975
659627174,885504040,1545131214
659627174,885504040,1545131214
659627174,885504046,1545131220
659627174,885504046,1545131220
659627174,885504046,1545131220
659627270,885504046,1545131316
659627369,885504046,1545131415
659627369,885504052,1545131421
659627369,885504052,1545131421
659627369,885504052,1545131421
659627369,885504052,1545131421
659628499,885504052,1545132551
659629301,885504058,1545133359
659629301,885504058,1545133359
659629301,885504058,1545133359
659629301,885504058,1545133359
659629301,885504058,1545133359
659630637,885504064,1545134701
659630637,885504064,1545134701
659630637,885504064,1545134701
659630637,885504064,1545134701
659630637,885504064,1545134701
659630637,885504070,1545134707
659630637,885504070,1545134707
659630637,885504070,1545134707
659630637,885504070,1545134707
659630637,885504076,1545134713
659630637,885504076,1545134713
659630736,885504076,1545134812
659630736,885504076,1545134812
659630736,885504076,1545134812
659630736,885504082,1545134818
659630736,885504082,1545134818
659630736,885504082,1545134818
659630736,885504082,1545134818
659630736,885504082,1545134818
659630736,885504088,1545134824
659630736,885504088,1545134824
659630736,885504088,1545134824
659630736,885504088,1545134824
659630736,885504088,1545134824
659631192,885504094,1545135286
659631192,885504094,1545135286
659631192,885504094,1545135286
659631192,885504094,1545135286
659631192,885504094,1545135286
659631192,885504100,1545135292
659631192,885504100,1545135292
659631192,885504100,1545135292
659631291,885504100,1545135391
659631291,885504100,1545135391
659631291,885504106,1545135397
659631291,885504106,1545135397
659631291,885504106,1545135397
659631291,885504106,1545135397
659631291,885504112,1545135403
659631291,885504112,1545135403
659631291,885504112,1545135403
659631291,885504112,1545135403
659631291,885504112,1545135403
659631291,885504118,1545135409
659631291,885504118,1545135409
659631291,885504118,1545135409
659631291,885504118,1545135409
659631291,885504118,1545135409
659631291,885504124,1545135415
659631291,885504124,1545135415
659631291,885504124,1545135415
659631291,885504124,1545135415
659631291,885504124,1545135415
659633258,885504130,1545137388
659633322,885504130,1545137452
659633322,885504130,1545137452
659633322,885504130,1545137452
659633322,885504130,1545137452
659633418,885504136,1545137554
659633418,885504136,1545137554
659633418,885504136,1545137554
659633418,885504136,1545137554
659633418,885504136,1545137554
659633418,885504142,1545137560
659633418,885504142,1545137560
659633418,885504142,1545137560
659633418,885504142,1545137560
659633418,885504148,1545137566
659633418,885504148,1545137566
659633418,885504148,1545137566
659633418,885504148,1545137566
659633418,885504148,1545137566
659633418,885504154,1545137572
659633418,885504154,1545137572
659633517,885504154,1545137671
659633517,885504154,1545137671
659633517,885504154,1545137671
659633517,885504160,1545137677
659633517,885504160,1545137677
659633517,885504399,1545137916
659633517,885504399,1545137916
659633517,885504399,1545137916
659633517,885504405,1545137922
659634645,885504405,1545139050
659634645,885504405,1545139050
659634645,885504405,1545139050
659634645,885504405,1545139050
659634645,885504411,1545139056
659634645,885504411,1545139056
659634645,885504411,1545139056
659634645,885504411,1545139056
659634645,885504411,1545139056
659634645,885504417,1545139062
659634645,885504417,1545139062
659634645,885504417,1545139062
659634645,885504417,1545139062
659634744,885504423,1545139167
659634744,885504423,1545139167
659634744,885504423,1545139167
659634744,885504423,1545139167
659634744,885504451,1545139195
659634744,885504457,1545139201
659634744,885504457,1545139201
659634744,885504457,1545139201
659634744,885504457,1545139201
659634744,885504457,1545139201
659634841,885504463,1545139304
659634841,885504463,1545139304
659634841,885504463,1545139304
659634841,885504463,1545139304
659634841,885504463,1545139304
659634841,885504469,1545139310
659636769,885504469,1545141238
659636769,885504469,1545141238
659636769,885504469,1545141238
659636769,885504469,1545141238
659636769,885504475,1545141244
659636868,885504475,1545141343
659636868,885504475,1545141343
659636868,885504475,1545141343
659636868,885504475,1545141343
659636868,885504481,1545141349
659636868,885504481,1545141349
659636868,885504481,1545141349
659636868,885504481,1545141349
659636868,885504487,1545141355
659636868,885504487,1545141355
659636868,885504487,1545141355
659636964,885504487,1545141451
659636964,885504487,1545141451
659636964,885504493,1545141457
659636964,885504493,1545141457
659636964,885504493,1545141457
659636964,885504493,1545141457
659636964,885504493,1545141457
659636964,885504499,1545141463
659636964,885504499,1545141463
659636964,885504499,1545141463
659637063,885504499,1545141562
659637063,885504499,1545141562
659637063,885504505,1545141568
659637063,885504505,1545141568
659639733,885504505,1545144238
659639733,885504505,1545144238
659639733,885504505,1545144238
659639733,885504511,1545144244
659639733,885504511,1545144244
659639733,885504511,1545144244
659639733,885504511,1545144244
659639733,885504511,1545144244
659639733,885504517,1545144250
659639733,885504517,1545144250
659639733,885504517,1545144250
659639733,885504517,1545144250
659639733,885504523,1545144256
659639733,885504523,1545144256
659639733,885504523,1545144256
659639733,885504523,1545144256
659639733,885504523,1545144256
659639832,885504529,1545144361
659639832,885504529,1545144361
659639832,885504529,1545144361
659639832,885504529,1545144361
659639832,885504529,1545144361
659639832,885504535,1545144367
659639832,885504535,1545144367
659639832,885504535,1545144367
659639832,885504535,1545144367
659639832,885504535,1545144367
659639832,885504541,1545144373
659639832,885504541,1545144373
659641026,885504541,1545145567
659641026,885504541,1545145567
659641026,885504541,1545145567
659641026,885504547,1545145573
659641026,885504547,1545145573
659641026,885504786,1545145812
659641026,885504786,1545145812
659641026,885504814,1545145840
659641026,885504820,1545145846
659641026,885504820,1545145846
659641125,885504820,1545145945
659641125,885504820,1545145945
659641125,885504820,1545145945
659641125,885504826,1545145951
659641125,885504826,1545145951
659641125,885504826,1545145951
659641125,885504826,1545145951
659641125,885504832,1545145957
659641125,885504832,1545145957
659641125,885504832,1545145957
659641125,885504832,1545145957
659641125,885504832,1545145957
659641125,885504838,1545145963
659641125,885504838,1545145963
659641125,885504838,1545145963
659641125,885504838,1545145963
659641221,885504838,1545146059
659641221,885504844,1545146065
659641221,885504844,1545146065
659641221,885504844,1545146065
659642415,885504844,1545147259
659642514,885504844,1545147358
659642514,885504850,1545147364
659642514,885504850,1545147364
659642514,885504850,1545147364
659642514,885504850,1545147364
659642514,885504850,1545147364
659642514,885504856,1545147370
659642514,885504856,1545147370
659642514,885504856,1545147370
659642514,885504856,1545147370
659642514,885504856,1545147370
659642514,885504862,1545147376
659642514,885504862,1545147376
659642514,885504862,1545147376
659642514,885504862,1545147376
659642514,885504868,1545147382
659642514,885504868,1545147382
659642514,885504868,1545147382
659642514,885504868,1545147382
659642514,885504868,1545147382
659642514,885504874,1545147388
659642613,885504874,1545147487
659642613,885504874,1545147487
659642613,885504874,1545147487
659642613,885504874,1545147487
659642613,885504880,1545147493
659642613,885504880,1545147493
659642613,885504880,1545147493
659643807,885504880,1545148687
659643807,885504880,1545148687
659643807,885504886,1545148693
659643807,885504886,1545148693
659643807,885504886,1545148693
659643807,885504886,1545148693
659643807,885504886,1545148693
659643807,885504892,1545148699
659643807,885504892,1545148699
659643807,885504892,1545148699
659643807,885504892,1545148699
659643807,885504892,1545148699
659643807,885504898,1545148705
659643807,885504898,1545148705
659643906,885504898,1545148804
659643906,885504898,1545148804
659643906,885504904,1545148810
659643906,885504904,1545148810
659643906,885504904,1545148810
659643906,885504904,1545148810
659643906,885504904,1545148810
659643906,885504910,1545148816
659643906,885504910,1545148816
659643906,885504910,1545148816
659643906,885504910,1545148816
659643906,885504910,1545148816
659643906,885504916,1545148822
659643906,885504916,1545148822
659643906,885504916,1545148822
659644298,885504916,1545149214
659644362,885504916,1545149278
659644362,885504922,1545149284
659644362,885504922,1545149284
659644362,885504922,1545149284
659644362,885504922,1545149284
659644461,885504922,1545149383
659644461,885504928,1545149389
659644557,885504928,1545149485
659644557,885504928,1545149485
659644557,885504928,1545149485
659644557,885504928,1545149485
659644557,885504934,1545149491
659644557,885504934,1545149491
659644557,885505173,1545149730
659644557,885505173,1545149730
659644557,885505179,1545149736
659644557,885505179,1545149736
659644557,885505179,1545149736
659644557,885505179,1545149736
659644557,885505179,1545149736
659644557,885505185,1545149742
659644557,885505185,1545149742
659644557,885505185,1545149742
659644557,885505185,1545149742
659644557,885505185,1545149742
659644557,885505191,1545149748
659644557,885505191,1545149748
659644656,885505191,1545149847
659644656,885505191,1545149847
659645850,885505191,1545151041
659645850,885505197,1545151047
659645850,885505197,1545151047
659645850,885505197,1545151047
659645850,885505197,1545151047
659645850,885505197,1545151047
659645850,885505203,1545151053
659645850,885505203,1545151053
659645850,885505203,1545151053
659645850,885505203,1545151053
659645850,885505203,1545151053
659645850,885505209,1545151059
659645850,885505209,1545151059
659645850,885505209,1545151059
659645850,885505209,1545151059
659645850,885505209,1545151059
659645850,885505215,1545151065
659645850,885505215,1545151065
659645850,885505215,1545151065
659645949,885505215,1545151164
659645949,885505221,1545151170
659645949,885505221,1545151170
659645949,885505221,1545151170
659645949,885505221,1545151170
659645949,885505221,1545151170
659645949,885505227,1545151176
659645949,885505227,1545151176
659645949,885505227,1545151176
659645949,885505227,1545151176
659646341,885505227,1545151568
659647143,885505233,1545152376
659647143,885505233,1545152376
659647143,885505233,1545152376
659647143,885505233,1545152376
659647143,885505233,1545152376
659647143,885505239,1545152382
659647143,885505239,1545152382
659647143,885505239,1545152382
659647143,885505239,1545152382
659647143,885505239,1545152382
659647242,885505245,1545152487
659647242,885505245,1545152487
659647242,885505245,1545152487
659647242,885505245,1545152487
659647242,885505251,1545152493
659647242,885505251,1545152493
659647242,885505251,1545152493
659647242,885505251,1545152493
659647338,885505251,1545152589
659647338,885505257,1545152595
659647338,885505257,1545152595
659647338,885505257,1545152595
659647338,885505257,1545152595
659647338,885505257,1545152595
659647338,885505263,1545152601
659647338,885505263,1545152601
659647338,885505263,1545152601
659647338,885505263,1545152601
659647338,885505263,1545152601
659648532,885505269,1545153801
659648532,885505269,1545153801
659648631,885505269,1545153900
659648631,885505269,1545153900
659648631,885505269,1545153900
659648631,885505275,1545153906
659648631,885505275,1545153906
659648631,885505275,1545153906
659648631,885505275,1545153906
659648631,885505275,1545153906
659648631,885505281,1545153912
659648631,885505281,1545153912
659648631,885505281,1545153912
659648631,885505281,1545153912
659648631,885505281,1545153912
659648631,885505287,1545153918
659648631,885505287,1545153918
659648631,885505287,1545153918
659648631,885505287,1545153918
659648631,885505293,1545153924
659648631,885505293,1545153924
659648631,885505293,1545153924
659648631,885505532,1545154163
659648728,885505532,1545154260
659648827,885505538,1545154365
659648827,885505538,1545154365
659648827,885505538,1545154365
659648827,885505538,1545154365
659648827,885505538,1545154365
659649219,885505544,1545154763
659649219,885505544,1545154763
659649219,885505544,1545154763
659649219,885505544,1545154763
659649219,885505544,1545154763
659649219,885505550,1545154769
659649219,885505550,1545154769
659649219,885505550,1545154769
659649219,885505550,1545154769
659649219,885505550,1545154769
659649219,885505556,1545154775
659649219,885505556,1545154775
659649219,885505556,1545154775
659649219,885505556,1545154775
659649219,885505556,1545154775
659649219,885505562,1545154781
659649318,885505562,1545154880
659649318,885505562,1545154880
659649318,885505562,1545154880
659649318,885505568,1545154886
659649318,885505568,1545154886
659649318,885505568,1545154886
659649318,885505568,1545154886
659649318,885505568,1545154886
659649318,885505574,1545154892
659649318,885505574,1545154892
659649318,885505574,1545154892
659649318,885505574,1545154892
659649318,885505574,1545154892
659649414,885505580,1545154994
659652072,885505580,1545157652
659652072,885505580,1545157652
659652072,885505580,1545157652
659652072,885505580,1545157652
659652072,885505586,1545157658
659652072,885505586,1545157658
659652072,885505586,1545157658
659652171,885505586,1545157757
659652171,885505586,1545157757
659652171,885505592,1545157763
659652171,885505592,1545157763
659652171,885505592,1545157763
659652171,885505592,1545157763
659652171,885505592,1545157763
659652171,885505598,1545157769
659652171,885505598,1545157769
659652171,885505598,1545157769
659652171,885505598,1545157769
659652171,885505604,1545157775
659652171,885505604,1545157775
659652171,885505604,1545157775
659652171,885505604,1545157775
659652171,885505604,1545157775
659652171,885505610,1545157781
659652171,885505610,1545157781
659652171,885505610,1545157781
659652171,885505610,1545157781
659652171,885505610,1545157781
659652270,885505616,1545157886
659653462,885505616,1545159078
659654198,885505616,1545159814
659654198,885505616,1545159814
659654198,885505616,1545159814
659654198,885505622,1545159820
659654198,885505622,1545159820
659654198,885505622,1545159820
659654198,885505622,1545159820
659654198,885505622,1545159820
659654198,885505628,1545159826
659654198,885505628,1545159826
659654198,885505628,1545159826
659654198,885505628,1545159826
659654198,885505628,1545159826
659654198,885505634,1545159832
659654198,885505634,1545159832
659654198,885505634,1545159832
659654198,885505634,1545159832
659654198,885505634,1545159832
659654198,885505640,1545159838
659654198,885505640,1545159838
659654297,885505640,1545159937
659654297,885505640,1545159937
659654297,885505642,1545159939
659654297,885505646,1545159943
659654297,885505646,1545159943
659654297,885505646,1545159943
659654297,885505646,1545159943
659654297,885505652,1545159949
659654297,885505652,1545159949
659655491,885505652,1545161143
659655491,885505891,1545161382
659655491,885505891,1545161382
659655491,885505897,1545161388
659655491,885505897,1545161388
659655491,885505897,1545161388
659655491,885505897,1545161388
659655491,885505897,1545161388
659655491,885505903,1545161394
659655491,885505903,1545161394
659655587,885505903,1545161490
659655587,885505903,1545161490
659655686,885505903,1545161589
659655686,885505909,1545161595
659655686,885505909,1545161595
659655686,885505909,1545161595
659655686,885505909,1545161595
659655686,885506005,1545161691
659655686,885506011,1545161697
659655686,885506011,1545161697
659655686,885506011,1545161697
659655686,885506011,1545161697
659655686,885506011,1545161697
659655686,885506017,1545161703
659655686,885506017,1545161703
659655686,885506017,1545161703
659655686,885506017,1545161703
659655686,885506023,1545161709
659655686,885506023,1545161709
659658298,885506023,1545164321
659658362,885506023,1545164385
659658362,885506023,1545164385
659658362,885506029,1545164391
659658461,885506029,1545164490
659658461,885506029,1545164490
659658461,885506029,1545164490
659658461,885506029,1545164490
659658461,885506035,1545164496
659658461,885506035,1545164496
659658461,885506035,1545164496
659658461,885506035,1545164496
659658461,885506035,1545164496
659658461,885506041,1545164502
659658461,885506041,1545164502
659658461,885506041,1545164502
659658461,885506041,1545164502
659658461,885506041,1545164502
659658461,885506047,1545164508
659658461,885506047,1545164508
659658461,885506047,1545164508
659658461,885506047,1545164508
659658461,885506047,1545164508
659658461,885506053,1545164514
659658461,885506053,1545164514
659658461,885506053,1545164514
659658560,885506053,1545164613
659658560,885506053,1545164613
659658560,885506059,1545164619
659658560,885506059,1545164619
659659016,885506059,1545165075
659659016,885506059,1545165075
659659016,885506065,1545165081
659659016,885506065,1545165081
659659016,885506065,1545165081
659659016,885506065,1545165081
659659016,885506065,1545165081
659659016,885506071,1545165087
659659016,885506071,1545165087
659659016,885506071,1545165087
659659016,885506071,1545165087
659659016,885506071,1545165087
659659016,885506077,1545165093
659659016,885506077,1545165093
659659016,885506077,1545165093
659659016,885506077,1545165093
659659016,885506077,1545165093
659659115,885506083,1545165198
659659115,885506083,1545165198
659659115,885506083,1545165198
659659115,885506083,1545165198
659659211,885506083,1545165294
659659211,885506089,1545165300
659659211,885506089,1545165300
659659211,885506089,1545165300
659659211,885506089,1545165300
659659211,885506089,1545165300
659659211,885506095,1545165306
659659211,885506095,1545165306
659659667,885506095,1545165762
659659667,885506095,1545165762
659659667,885506101,1545165768
659659667,885506101,1545165768
659659667,885506101,1545165768
659659667,885506101,1545165768
659659667,885506101,1545165768
659659667,885506107,1545165774
659659667,885506107,1545165774
659659766,885506346,1545166112
659659766,885506346,1545166112
659659766,885506346,1545166112
659659766,885506352,1545166118
659659766,885506352,1545166118
659659766,885506352,1545166118
659659766,885506352,1545166118
659659766,885506352,1545166118
659659766,885506358,1545166124
659659766,885506358,1545166124
659659766,885506358,1545166124
659659766,885506358,1545166124
659659766,885506358,1545166124
659659766,885506364,1545166130
659659766,885506364,1545166130
659659766,885506364,1545166130
659659766,885506364,1545166130
659659766,885506364,1545166130
659659766,885506370,1545166136
659659766,885506370,1545166136
659659766,885506370,1545166136
659660321,885506370,1545166691
659660321,885506376,1545166697
659660321,885506376,1545166697
659660321,885506376,1545166697
659660321,885506376,1545166697
659660321,885506376,1545166697
659660321,885506382,1545166703
659660321,885506382,1545166703
659660321,885506382,1545166703
659660321,885506382,1545166703
659660321,885506382,1545166703
659660321,885506388,1545166709
659660321,885506388,1545166709
659660321,885506388,1545166709
659660321,885506388,1545166709
659660321,885506388,1545166709
659660321,885506394,1545166715
659660321,885506394,1545166715
659660321,885506394,1545166715
659660321,885506394,1545166715
659660321,885506394,1545166715
659660321,885506400,1545166721
659660420,885506400,1545166820
659660420,885506400,1545166820
659660420,885506400,1545166820
659660420,885506400,1545166820
659660420,885506406,1545166826
659660420,885506406,1545166826
659660420,885506406,1545166826
659660876,885506406,1545167282
659660876,885506406,1545167282
659660876,885506412,1545167288
659660972,885506412,1545167384
659660972,885506412,1545167384
659660972,885506412,1545167384
659660972,885506418,1545167390
659660972,885506418,1545167390
659660972,885506418,1545167390
659660972,885506418,1545167390
659660972,885506418,1545167390
659660972,885506424,1545167396
659660972,885506424,1545167396
659660972,885506424,1545167396
659661071,885506424,1545167495
659661071,885506424,1545167495
659661071,885506430,1545167501
659661071,885506430,1545167501
659661071,885506430,1545167501
659661071,885506430,1545167501
659661071,885506430,1545167501
659661071,885506436,1545167507
659661071,885506436,1545167507
659661168,885506436,1545167604
659661168,885506436,1545167604
659661168,885506436,1545167604
659661168,885506442,1545167610
659661168,885506442,1545167610
659661168,885506442,1545167610
659661168,885506442,1545167610
659663096,885506442,1545169538
659663096,885506448,1545169544
659663096,885506448,1545169544
659663096,885506448,1545169544
659663096,885506448,1545169544
659663195,885506454,1545169649
659663195,885506454,1545169649
659663195,885506454,1545169649
659663195,885506454,1545169649
659663195,885506454,1545169649
659663195,885506460,1545169655
659663195,885506460,1545169655
659663195,885506460,1545169655
659663195,885506460,1545169655
659663195,885506460,1545169655
659663195,885506466,1545169661
659663195,885506466,1545169661
659663195,885506705,1545169900
659663195,885506705,1545169900
659663195,885506705,1545169900
659663195,885506711,1545169906
659663195,885506711,1545169906
659663195,885506711,1545169906
659663195,885506711,1545169906
659663195,885506711,1545169906
659663195,885506717,1545169912
659663294,885506717,1545170011
659663294,885506717,1545170011
659663294,885506717,1545170011
659663558,885506717,1545170275
659665964,885506723,1545172687
659665964,885506723,1545172687
659665964,885506723,1545172687
659665964,885506723,1545172687
659665964,885506729,1545172693
659665964,885506729,1545172693
659665964,885506729,1545172693
659665964,885506729,1545172693
659665964,885506729,1545172693
659665964,885506735,1545172699
659665964,885506735,1545172699
659665964,885506735,1545172699
659665964,885506735,1545172699
659666060,885506735,1545172795
659666060,885506741,1545172801
659666060,885506741,1545172801
659666060,885506741,1545172801
659666060,885506741,1545172801
659666159,885506741,1545172900
659666159,885506747,1545172906
659666159,885506747,1545172906
659666159,885506747,1545172906
659666159,885506747,1545172906
659666159,885506747,1545172906
659666159,885506753,1545172912
659666159,885506753,1545172912
659666159,885506753,1545172912
659666159,885506753,1545172912
659666159,885506753,1545172912
659666159,885506759,1545172918
659667291,885506759,1545174050
659668031,885506759,1545174790
659668031,885506759,1545174790
659668031,885506759,1545174790
659668031,885506765,1545174796
659668031,885506765,1545174796
659668031,885506765,1545174796
659668031,885506765,1545174796
659668031,885506765,1545174796
659668130,885506771,1545174901
659668130,885506771,1545174901
659668130,885506771,1545174901
659668130,885506771,1545174901
659668130,885506777,1545174907
659668130,885506777,1545174907
659668130,885506777,1545174907
659668130,885506777,1545174907
659668130,885506777,1545174907
659668130,885506783,1545174913
659668130,885506783,1545174913
659668130,885506783,1545174913
659668130,885506783,1545174913
659668130,885506783,1545174913
659668130,885506789,1545174919
659668130,885506789,1545174919
659668130,885506789,1545174919
659668130,885506789,1545174919
659668130,885506789,1545174919
659668130,885506795,1545174925
659668130,885506795,1545174925
659668685,885506795,1545175480
659668685,885506795,1545175480
659668685,885506795,1545175480
659668685,885506801,1545175486
659668685,885506801,1545175486
659668685,885506801,1545175486
659668685,885506801,1545175486
659668685,885506801,1545175486
659668685,885506807,1545175492
659668685,885506807,1545175492
659668685,885506807,1545175492
659668685,885506807,1545175492
659668685,885506807,1545175492
659668685,885506813,1545175498
659668685,885506813,1545175498
659668685,885506813,1545175498
659668685,885506813,1545175498
659668685,885506819,1545175504
659668685,885506819,1545175504
659668685,885506819,1545175504
659668685,885506819,1545175504
659668685,885506819,1545175504
659668784,885506825,1545175609
659668880,885506825,1545175705
659668880,885506825,1545175705
659668880,885507064,1545175944
659668880,885507064,1545175944
659668880,885507070,1545175950
659668880,885507070,1545175950
659668880,885507070,1545175950
659669336,885507070,1545176406
659669336,885507070,1545176406
659669336,885507076,1545176412
659669336,885507076,1545176412
659669336,885507076,1545176412
659669336,885507076,1545176412
659669336,885507076,1545176412
659669336,885507082,1545176418
659669336,885507082,1545176418
659669336,885507082,1545176418
659669336,885507082,1545176418
659669336,885507082,1545176418
659669336,885507088,1545176424
659669435,885507088,1545176523
659669435,885507088,1545176523
659669435,885507088,1545176523
659669435,885507088,1545176523
659669435,885507094,1545176529
659669435,885507094,1545176529
659669435,885507094,1545176529
659669435,885507094,1545176529
659669435,885507100,1545176535
659669435,885507100,1545176535
659669435,885507100,1545176535
659669435,885507100,1545176535
659669435,885507100,1545176535
659669435,885507106,1545176541
659669435,885507106,1545176541
659669435,885507106,1545176541
659669891,885507106,1545176997
659669891,885507106,1545176997
659669891,885507112,1545177003
659669891,885507112,1545177003
659669891,885507112,1545177003
659669990,885507112,1545177102
659669990,885507112,1545177102
659669990,885507118,1545177108
659669990,885507118,1545177108
659669990,885507118,1545177108
659669990,885507118,1545177108
659669990,885507118,1545177108
659669990,885507124,1545177114
659669990,885507124,1545177114
659669990,885507124,1545177114
659669990,885507124,1545177114
659669990,885507124,1545177114
659669990,885507130,1545177120
659669990,885507130,1545177120
659669990,885507130,1545177120
659669990,885507130,1545177120
659669990,885507130,1545177120
659669990,885507136,1545177126
659669990,885507136,1545177126
659669990,885507136,1545177126
659669990,885507136,1545177126
659669990,885507142,1545177132
659670089,885507142,1545177231
659670089,885507142,1545177231
659670089,885507142,1545177231
659672747,885507142,1545179889
659672747,885507148,1545179895
659672747,885507148,1545179895
659672747,885507148,1545179895
659672843,885507148,1545179991
659672843,885507148,1545179991
659672843,885507154,1545179997
659672843,885507154,1545179997
659672843,885507154,1545179997
659672843,885507154,1545179997
659672843,885507154,1545179997
659672843,885507160,1545180003
659672843,885507160,1545180003
659672843,885507160,1545180003
659672843,885507160,1545180003
659672843,885507160,1545180003
659672843,885507166,1545180009
659672843,885507166,1545180009
659672942,885507166,1545180108
659672942,885507166,1545180108
659672942,885507166,1545180108
659672942,885507172,1545180114
659672942,885507172,1545180114
659672942,885507172,1545180114
659672942,885507172,1545180114
659672942,885507172,1545180114
659672942,885507178,1545180120
659672942,885507178,1545180120
659672942,885507178,1545180120
659673334,885507178,1545180512
659673398,885507178,1545180576
659673398,885507184,1545180582
659673398,885507184,1545180582
659673398,885507423,1545180821
659673398,885507423,1545180821
659673398,885507429,1545180827
659673398,885507429,1545180827
659673398,885507429,1545180827
659673398,885507429,1545180827
659673497,885507429,1545180926
659673497,885507435,1545180932
659673497,885507435,1545180932
659673497,885507435,1545180932
659673497,885507435,1545180932
659673497,885507435,1545180932
659673497,885507441,1545180938
659673497,885507441,1545180938
659673497,885507441,1545180938
659673497,885507441,1545180938
659673497,885507441,1545180938
659674833,885507447,1545182280
659674833,885507447,1545182280
659674833,885507447,1545182280
659674833,885507447,1545182280
659674833,885507447,1545182280
659674833,885507453,1545182286
659674833,885507453,1545182286
659674833,885507453,1545182286
659674833,885507453,1545182286
659676023,885507453,1545183476
659676023,885507459,1545183482
659676122,885507459,1545183581
659676122,885507459,1545183581
659676122,885507459,1545183581
659676122,885507459,1545183581
659676122,885507465,1545183587
659676122,885507465,1545183587
659676122,885507465,1545183587
659676122,885507465,1545183587
659676122,885507471,1545183593
659676122,885507471,1545183593
659676122,885507471,1545183593
659676122,885507471,1545183593
659676122,885507471,1545183593
659676218,885507477,1545183695
659676218,885507477,1545183695
659676218,885507477,1545183695
659676218,885507477,1545183695
659676218,885507477,1545183695
659676315,885507483,1545183798
659676315,885507483,1545183798
659676315,885507483,1545183798
659676414,885507483,1545183897
659676414,885507483,1545183897
659676414,885507489,1545183903
659676414,885507489,1545183903
659676414,885507489,1545183903
659676414,885507489,1545183903
659676678,885507489,1545184167
659677604,885507495,1545185099
659677604,885507495,1545185099
659677604,885507495,1545185099
659677604,885507495,1545185099
659677604,885507495,1545185099
659677604,885507501,1545185105
659677604,885507501,1545185105
659677604,885507501,1545185105
659677604,885507501,1545185105
659677604,885507501,1545185105
659677604,885507507,1545185111
659677604,885507507,1545185111
659677604,885507507,1545185111
659677604,885507507,1545185111
659677703,885507513,1545185216
659677703,885507513,1545185216
659677703,885507513,1545185216
659677703,885507513,1545185216
659677703,885507513,1545185216
659677703,885507519,1545185222
659677703,885507519,1545185222
659677703,885507519,1545185222
659677703,885507519,1545185222
659677703,885507519,1545185222
659677703,885507525,1545185228
659677703,885507525,1545185228
659677703,885507525,1545185228
659677703,885507525,1545185228
659677703,885507525,1545185228
659679627,885507531,1545187158
659679627,885507531,1545187158
659679627,885507531,1545187158
659679627,885507531,1545187158
659679627,885507531,1545187158
659679627,885507537,1545187164
659679627,885507537,1545187164
659679726,885507537,1545187263
659679726,885507537,1545187263
659679726,885507537,1545187263
659679726,885507543,1545187269
659679726,885507543,1545187269
659679726,885507782,1545187508
659679726,885507782,1545187508
659679726,885507782,1545187508
659679726,885507788,1545187514
659679726,885507788,1545187514
659679726,885507788,1545187514
659679726,885507788,1545187514
659679726,885507788,1545187514
659679726,885507794,1545187520
659679726,885507794,1545187520
659679726,885507794,1545187520
659679726,885507794,1545187520
659679726,885507800,1545187526
659679726,885507800,1545187526
659679726,885507800,1545187526
659679822,885507800,1545187622
659679921,885507800,1545187721
659679921,885507806,1545187727
659681113,885507806,1545188919
659681113,885507806,1545188919
659681113,885507806,1545188919
659681113,885507806,1545188919
659681113,885507812,1545188925
659681113,885507812,1545188925
659681113,885507812,1545188925
659681113,885507812,1545188925
659681113,885507812,1545188925
659681113,885507818,1545188931
659681113,885507818,1545188931
659681113,885507818,1545188931
659681113,885507818,1545188931
659681113,885507818,1545188931
659681113,885507824,1545188937
659681113,885507824,1545188937
659681113,885507824,1545188937
659681113,885507824,1545188937
659681113,885507824,1545188937
659681113,885507830,1545188943
659681212,885507830,1545189042
659681212,885507830,1545189042
659681212,885507830,1545189042
659681212,885507830,1545189042
659681212,885507836,1545189048
659681212,885507836,1545189048
659681212,885507836,1545189048
659681212,885507836,1545189048
659681212,885507842,1545189054
659683136,885507842,1545190978
659683870,885507842,1545191712
659683870,885507842,1545191712
659683870,885507842,1545191712
659683870,885507848,1545191718
659683870,885507848,1545191718
659683870,885507848,1545191718
659683870,885507848,1545191718
659683870,885507848,1545191718
659683870,885507854,1545191724
659683870,885507854,1545191724
659683870,885507854,1545191724
659683969,885507854,1545191823
659683969,885507854,1545191823
659683969,885507860,1545191829
659683969,885507860,1545191829
659683969,885507860,1545191829
659683969,885507860,1545191829
659683969,885507860,1545191829
659683969,885507866,1545191835
659683969,885507866,1545191835
659683969,885507866,1545191835
659683969,885507866,1545191835
659683969,885507866,1545191835
659683969,885507872,1545191841
659683969,885507872,1545191841
659683969,885507872,1545191841
659683969,885507872,1545191841
659683969,885507872,1545191841
659683969,885507878,1545191847
659685161,885507878,1545193039
659685161,885507878,1545193039
659685161,885507878,1545193039
659685260,885507878,1545193138
659685260,885507884,1545193144
659685260,885507884,1545193144
659685260,885507884,1545193144
659685260,885507884,1545193144
659685356,885507890,1545193246
659685356,885507890,1545193246
659685356,885507890,1545193246
659685356,885507890,1545193246
659685356,885507890,1545193246
659685356,885507896,1545193252
659685356,885507896,1545193252
659685356,885507896,1545193252
659685356,885507896,1545193252
659685356,885507896,1545193252
659685356,885507902,1545193258
659685356,885507902,1545193258
659685356,885508141,1545193497
659685356,885508141,1545193497
659685356,885508141,1545193497
659685356,885508147,1545193503
659685356,885508147,1545193503
659685455,885508147,1545193602
659685455,885508147,1545193602
659685455,885508147,1545193602
659685455,885508153,1545193608
659685455,885508153,1545193608
659685911,885508153,1545194064
659685911,885508153,1545194064
659685911,885508153,1545194064
659685911,885508159,1545194070
659685911,885508159,1545194070
659685911,885508159,1545194070
659685911,885508159,1545194070
659685911,885508165,1545194076
659685911,885508165,1545194076
659685911,885508165,1545194076
659685911,885508165,1545194076
659685911,885508165,1545194076
659685911,885508171,1545194082
659685911,885508171,1545194082
659685911,885508171,1545194082
659685911,885508171,1545194082
659686010,885508171,1545194181
659686010,885508177,1545194187
659686010,885508177,1545194187
659686010,885508177,1545194187
659686010,885508177,1545194187
659686010,885508177,1545194187
659686010,885508183,1545194193
659686010,885508183,1545194193
659686010,885508183,1545194193
659686010,885508183,1545194193
659686010,885508183,1545194193
659686010,885508189,1545194199
659686010,885508189,1545194199
659687942,885508189,1545196131
659687942,885508189,1545196131
659687942,885508189,1545196131
659687942,885508195,1545196137
659687942,885508195,1545196137
659687942,885508195,1545196137
659687942,885508195,1545196137
659687942,885508195,1545196137
659688041,885508201,1545196242
659688041,885508201,1545196242
659688041,885508201,1545196242
659688041,885508201,1545196242
659688041,885508201,1545196242
659688041,885508207,1545196248
659688041,885508207,1545196248
659688041,885508207,1545196248
659688041,885508207,1545196248
659688041,885508633,1545196674
659688041,885508633,1545196674
659688137,885508633,1545196770
659688137,885508633,1545196770
659688137,885508633,1545196770
659688137,885508639,1545196776
659688137,885508639,1545196776
659688137,885508639,1545196776
659688137,885508639,1545196776
659688137,885508639,1545196776
659688137,885508645,1545196782
659688137,885508645,1545196782
659688137,885508645,1545196782
659690906,885508645,1545199551
659690906,885508645,1545199551
659690906,885508651,1545199557
659690906,885508651,1545199557
659690906,885508651,1545199557
659690906,885508651,1545199557
659690906,885508651,1545199557
659690906,885508657,1545199563
659690906,885508657,1545199563
659690906,885508657,1545199563
659690906,885508657,1545199563
659690906,885508657,1545199563
659690906,885508663,1545199569
659690906,885508663,1545199569
659690906,885508663,1545199569
659690906,885508663,1545199569
659690906,885508669,1545199575
659690906,885508669,1545199575
659690906,885508669,1545199575
659690906,885508669,1545199575
659690906,885508669,1545199575
659691005,885508675,1545199680
659691005,885508675,1545199680
659691005,885508675,1545199680
659691005,885508675,1545199680
659691005,885508675,1545199680
659691005,885508681,1545199686
659691005,885508681,1545199686
659691005,885508920,1545199925
659692199,885508920,1545201119
659692199,885508920,1545201119
659692199,885508926,1545201125
659692199,885508926,1545201125
659692199,885508926,1545201125
659692199,885508926,1545201125
659692199,885508926,1545201125
659692199,885508932,1545201131
659692199,885508932,1545201131
659692199,885508932,1545201131
659692199,885508932,1545201131
659692199,885508932,1545201131
659692199,885508938,1545201137
659692298,885508938,1545201236
659692298,885508938,1545201236
659692298,885508938,1545201236
659692298,885508944,1545201242
659692298,885508944,1545201242
659692298,885508944,1545201242
659692395,885508944,1545201339
659692395,885508944,1545201339
659692395,885508950,1545201345
659692395,885508950,1545201345
659692395,885508950,1545201345
659692395,885508950,1545201345
659692395,885508950,1545201345
659692395,885508956,1545201351
659692395,885508956,1545201351
659692395,885508956,1545201351
659692395,885508956,1545201351
659692947,885508956,1545201903
659692947,885508962,1545201909
659692947,885508962,1545201909
659692947,885508962,1545201909
659693046,885508962,1545202008
659693046,885508962,1545202008
659693046,885508968,1545202014
659693046,885508968,1545202014
659693046,885508968,1545202014
659693046,885508968,1545202014
659693046,885508968,1545202014
659693046,885508974,1545202020
659693046,885508974,1545202020
659693046,885508974,1545202020
659693046,885508974,1545202020
659693046,885508980,1545202026
659693046,885508980,1545202026
659693046,885508980,1545202026
659693046,885508980,1545202026
659693046,885508980,1545202026
659693046,885508986,1545202032
659693046,885508986,1545202032
659693046,885508986,1545202032
659693046,885508986,1545202032
659693046,885508986,1545202032
659693046,885508992,1545202038
659693145,885508992,1545202137
659693145,885508992,1545202137
659693145,885508992,1545202137
659695073,885508992,1545204065
659695073,885508998,1545204071
659695073,885508998,1545204071
659695073,885508998,1545204071
659695073,885508998,1545204071
659695073,885508998,1545204071
659695073,885509004,1545204077
659695073,885509004,1545204077
659695073,885509004,1545204077
659695073,885509004,1545204077
659695073,885509004,1545204077
659695073,885509010,1545204083
659695073,885509010,1545204083
659695073,885509010,1545204083
659695073,885509010,1545204083
659695073,885509016,1545204089
659695073,885509016,1545204089
659695073,885509016,1545204089
659695172,885509016,1545204188
659695172,885509016,1545204188
659695172,885509022,1545204194
659695172,885509022,1545204194
659695172,885509022,1545204194
659695172,885509022,1545204194
659695172,885509022,1545204194
659695172,885509028,1545204200
659695172,885509028,1545204200
659695172,885509028,1545204200
659695172,885509028,1545204200
659695172,885509028,1545204200
659695628,885509034,1545204662
659695628,885509034,1545204662
659695628,885509034,1545204662
659695628,885509034,1545204662
659695628,885509034,1545204662
659695628,885509040,1545204668
659695628,885509040,1545204668
659695628,885509279,1545204907
659695628,885509279,1545204907
659695727,885509279,1545205006
659695727,885509285,1545205012
659695823,885509285,1545205108
659695823,885509285,1545205108
659695823,885509285,1545205108
659695823,885509285,1545205108
659695823,885509291,1545205114
659695823,885509291,1545205114
659695823,885509291,1545205114
659695823,885509291,1545205114
659695823,885509297,1545205120
659695823,885509297,1545205120
659695823,885509297,1545205120
659695823,885509297,1545205120
659695823,885509297,1545205120
659695823,885509303,1545205126
659695823,885509303,1545205126
659695823,885509303,1545205126
659695823,885509303,1545205126
659695823,885509303,1545205126
659696279,885509309,1545205588
659696279,885509309,1545205588
659696378,885509309,1545205687
659696378,885509309,1545205687
659696378,885509309,1545205687
659696378,885509315,1545205693
659696378,885509315,1545205693
659696378,885509315,1545205693
659696378,885509315,1545205693
659696378,885509315,1545205693
659696378,885509321,1545205699
659696378,885509321,1545205699
659696378,885509321,1545205699
659696378,885509321,1545205699
659696378,885509321,1545205699
659696378,885509327,1545205705
659696378,885509327,1545205705
659696378,885509327,1545205705
659696378,885509327,1545205705
659696378,885509327,1545205705
659696378,885509333,1545205711
659696378,885509333,1545205711
659696378,885509333,1545205711
659696477,885509333,1545205810
659696477,885509339,1545205816
659696477,885509339,1545205816
659696477,885509339,1545205816
659696477,885509339,1545205816
659696477,885509339,1545205816
659696477,885509345,1545205822
659698405,885509345,1545207750
659698405,885509345,1545207750
659698405,885509345,1545207750
659698405,885509345,1545207750
659698405,885509351,1545207756
659698405,885509351,1545207756
659698405,885509351,1545207756
659698405,885509351,1545207756
659698405,885509351,1545207756
659698405,885509357,1545207762
659698405,885509357,1545207762
659698405,885509357,1545207762
659698405,885509357,1545207762
659698405,885509357,1545207762
659698504,885509363,1545207867
659698504,885509363,1545207867
659698504,885509363,1545207867
659698504,885509363,1545207867
659698504,885509363,1545207867
659698504,885509369,1545207873
659698504,885509369,1545207873
659698504,885509369,1545207873
659698600,885509369,1545207969
659698600,885509369,1545207969
659698600,885509375,1545207975
659698600,885509375,1545207975
659698600,885509375,1545207975
659698600,885509375,1545207975
659698600,885509375,1545207975
659698864,885509381,1545208245
659699796,885509381,1545209177
659699796,885509381,1545209177
659699796,885509381,1545209177
659699796,885509387,1545209183
659699796,885509387,1545209183
659699895,885509387,1545209282
659699895,885509387,1545209282
659699895,885509387,1545209282
659699895,885509393,1545209288
659699895,885509393,1545209288
659699895,885509393,1545209288
659699895,885509393,1545209288
659699895,885509393,1545209288
659699895,885509399,1545209294
659699895,885509399,1545209294
659699895,885509638,1545209533
659699895,885509638,1545209533
659699895,885509638,1545209533
659699895,885509644,1545209539
659699895,885509644,1545209539
659699895,885509644,1545209539
659699895,885509644,1545209539
659699895,885509644,1545209539
659699895,885509650,1545209545
659699895,885509650,1545209545
659699895,885509650,1545209545
659699895,885509650,1545209545
659699994,885509650,1545209644
659699994,885509684,1545209678
659701930,885509684,1545211614
659701930,885509684,1545211614
659701930,885509684,1545211614
659701930,885509690,1545211620
659701930,885509690,1545211620
659701930,885509690,1545211620
659701930,885509690,1545211620
659701930,885509690,1545211620
659701930,885509696,1545211626
659701930,885509696,1545211626
659701930,885509696,1545211626
659701930,885509696,1545211626
659701930,885509696,1545211626
659701930,885509702,1545211632
659701930,885509702,1545211632
659701930,885509702,1545211632
659701930,885509702,1545211632
659701930,885509702,1545211632
659701930,885509708,1545211638
659702029,885509708,1545211737
659702029,885509708,1545211737
659702029,885509708,1545211737
659702029,885509708,1545211737
659702029,885509714,1545211743
659702029,885509714,1545211743
659702029,885509714,1545211743
659702029,885509714,1545211743
659702029,885509714,1545211743
659702029,885509720,1545211749
659702029,885509720,1545211749
659702485,885509720,1545212205
659702485,885509720,1545212205
659702485,885509720,1545212205
659702581,885509726,1545212307
659702581,885509726,1545212307
659702581,885509726,1545212307
659702581,885509726,1545212307
659702581,885509732,1545212313
659702581,885509732,1545212313
659702581,885509732,1545212313
659702680,885509732,1545212412
659702680,885509732,1545212412
659702680,885509738,1545212418
659702680,885509738,1545212418
659702680,885509738,1545212418
659702680,885509738,1545212418
659702680,885509738,1545212418
659702680,885509744,1545212424
659702680,885509744,1545212424
659702680,885509744,1545212424
659702680,885509744,1545212424
659702680,885509744,1545212424
659702680,885509750,1545212430
659702680,885509750,1545212430
659702680,885509750,1545212430
659702680,885509750,1545212430
659702680,885509750,1545212430
659702680,885509756,1545212436
659702680,885509756,1545212436
659703872,885509756,1545213628
659703872,885509756,1545213628
659703872,885509756,1545213628
659703971,885509762,1545213733
659703971,885509762,1545213733
659703971,885509762,1545213733
659703971,885509762,1545213733
659703971,885509768,1545213739
659703971,885509768,1545213739
659703971,885509768,1545213739
659703971,885509768,1545213739
659703971,885509768,1545213739
659703971,885509774,1545213745
659703971,885509774,1545213745
659703971,885509774,1545213745
659703971,885509774,1545213745
659703971,885509774,1545213745
659703971,885509780,1545213751
659704068,885509780,1545213848
659704068,885509780,1545213848
659704068,885509780,1545213848
659704068,885509780,1545213848
659704068,885509786,1545213854
659704068,885509786,1545213854
659704068,885510025,1545214093
659704167,885510025,1545214192
659704167,885510025,1545214192
659704167,885510031,1545214198
659704167,885510031,1545214198
659704167,885510031,1545214198
659706099,885510031,1545216130
659706099,885510031,1545216130
659706099,885510037,1545216136
659706099,885510037,1545216136
659706099,885510037,1545216136
659706099,885510037,1545216136
659706099,885510037,1545216136
659706099,885510043,1545216142
659706099,885510043,1545216142
659706099,885510043,1545216142
659706099,885510043,1545216142
659706099,885510049,1545216148
659706099,885516761,1545222860
659706099,885516841,1545222940
659706195,885516849,1545223044
659706195,885516849,1545223044
659706195,885516855,1545223050
659706294,885516855,1545223149
659706294,885516855,1545223149
